('GOOG', '2023-11-08')
    open: 132.36000061035156
    close: 133.25999450683594
    high: 133.5399932861328
    low: 132.16000366210938
    volume: 15077400
    volatility: 0.0029602659036591654
    predicted_close: 132.6629638671875

