('GOOG', '2023-11-10')
    open: 131.52999877929688
    close: 134.05999755859375
    high: 134.27000427246094
    low: 130.8699951171875
    volume: 20872900
    volatility: 0.0
    predicted_close: 132.28855895996094

